   0.00000000       0.00000000    
   0.00000000       9.99999978E-03
   1.99999995E-04   1.99999996E-02
   5.99999970E-04   2.99999993E-02
   1.19999994E-03   3.99999991E-02
   1.99999986E-03   4.99999970E-02
   2.99999979E-03   5.99999987E-02
   4.19999985E-03   7.00000003E-02
   5.59999980E-03   7.99999982E-02
   7.19999988E-03   8.99999961E-02
   8.99999961E-03   9.99999940E-02
   1.09999999E-02  0.109999999    
   1.31999999E-02  0.119999997    
   1.55999996E-02  0.129999995    
   1.81999989E-02  0.140000001    
   2.09999979E-02  0.149999991    
   2.39999983E-02  0.159999996    
   2.71999985E-02  0.170000002    
   3.05999983E-02  0.179999992    
   3.41999978E-02  0.189999998    
   3.79999988E-02  0.199999988    
   4.19999994E-02  0.209999993    
   4.61999997E-02  0.219999999    
   5.05999997E-02  0.229999989    
   5.51999994E-02  0.239999995    
   5.99999987E-02  0.250000000    
   6.49999976E-02  0.259999990    
   7.01999962E-02  0.269999981    
   7.55999982E-02  0.280000001    
   8.11999962E-02  0.289999992    
   8.69999975E-02  0.299999982    
   9.29999948E-02  0.310000002    
   9.91999954E-02  0.319999993    
  0.105599992      0.329999983    
  0.112199992      0.340000004    
  0.118999995      0.349999994    
  0.126000002      0.359999985    
  0.133200005      0.370000005    
  0.140600011      0.379999995    
  0.148200005      0.389999986    
  0.156000003      0.399999976    
  0.164000005      0.409999996    
  0.172200009      0.419999987    
  0.180600002      0.429999977    
  0.189199999      0.439999998    
  0.197999999      0.449999988    
  0.207000002      0.459999979    
  0.216199994      0.469999999    
  0.225599989      0.479999989    
  0.235199988      0.489999980    
  0.244999990      0.500000000    
  0.254999995      0.509999990    
  0.265199989      0.519999981    
  0.275599986      0.529999971    
  0.286199987      0.539999962    
  0.296999991      0.550000012    
  0.307999998      0.560000002    
  0.319200009      0.569999993    
  0.330600023      0.579999983    
  0.342200011      0.589999974    
  0.354000002      0.599999964    
  0.365999997      0.610000014    
  0.378199995      0.620000005    
  0.390599996      0.629999995    
  0.403200001      0.639999986    
  0.416000009      0.649999976    
  0.429000020      0.659999967    
  0.442200005      0.669999957    
  0.455599993      0.680000007    
  0.469199985      0.689999998    
  0.482999980      0.699999988    
  0.496999979      0.709999979    
  0.511199951      0.719999969    
  0.525599957      0.729999959    
  0.540199935      0.740000010    
  0.554999948      0.750000000    
  0.569999933      0.759999990    
  0.585199952      0.769999981    
  0.600599945      0.779999971    
  0.616199970      0.789999962    
  0.631999969      0.799999952    
  0.647999942      0.810000002    
  0.664199948      0.819999993    
  0.680599928      0.829999983    
  0.697199941      0.839999974    
  0.713999927      0.849999964    
  0.730999947      0.859999955    
  0.748199940      0.870000005    
  0.765599966      0.879999995    
  0.783199966      0.889999986    
  0.800999939      0.899999976    
  0.818999946      0.909999967    
  0.837199926      0.919999957    
  0.855599940      0.930000007    
  0.874199927      0.939999998    
  0.892999947      0.949999988    
  0.911999941      0.959999979    
  0.931199968      0.969999969    
  0.950599968      0.979999959    
  0.970199943      0.989999950    
  0.989999950       1.00000000    
   1.00999999       1.00999999    
   1.03020000       1.01999998    
   1.05060005       1.02999997    
   1.07120001       1.03999996    
   1.09200001       1.04999995    
   1.11300004       1.05999994    
   1.13419998       1.06999993    
   1.15559995       1.07999992    
   1.17719996       1.09000003    
   1.19900000       1.10000002    
   1.22099996       1.11000001    
   1.24319994       1.12000000    
   1.26559997       1.13000000    
   1.28820002       1.13999999    
   1.31099999       1.14999998    
   1.33399999       1.15999997    
   1.35720003       1.16999996    
   1.38059998       1.17999995    
   1.40419996       1.18999994    
   1.42799997       1.19999993    
   1.45200002       1.20999992    
   1.47619998       1.22000003    
   1.50059998       1.23000002    
   1.52520001       1.24000001    
   1.54999995       1.25000000    
   1.57499993       1.25999999    
   1.60019994       1.26999998    
   1.62559998       1.27999997    
   1.65119994       1.28999996    
   1.67699993       1.29999995    
   1.70299995       1.30999994    
   1.72920001       1.31999993    
   1.75559998       1.32999992    
   1.78219998       1.33999991    
   1.80900002       1.35000002    
   1.83599997       1.36000001    
   1.86319995       1.37000000    
   1.89059997       1.38000000    
   1.91820002       1.38999999    
   1.94599998       1.39999998    
   1.97399998       1.40999997    
   2.00219989       1.41999996    
   2.03059983       1.42999995    
   2.05919981       1.43999994    
   2.08799982       1.44999993    
   2.11699986       1.45999992    
   2.14619994       1.46999991    
   2.17560005       1.48000002    
   2.20519996       1.49000001    
   2.23499990       1.50000000    
   2.26499987       1.50999999    
   2.29519987       1.51999998    
   2.32559991       1.52999997    
   2.35619998       1.53999996    
   2.38700008       1.54999995    
   2.41799998       1.55999994    
   2.44919991       1.56999993    
   2.48059988       1.57999992    
   2.51219988       1.58999991    
   2.54399991       1.59999990    
   2.57599998       1.61000001    
   2.60820007       1.62000000    
   2.64059997       1.63000000    
   2.67319989       1.63999999    
   2.70599985       1.64999998    
   2.73899984       1.65999997    
   2.77219987       1.66999996    
   2.80559993       1.67999995    
   2.83920002       1.68999994    
   2.87299991       1.69999993    
   2.90699983       1.70999992    
   2.94119978       1.71999991    
   2.97559977       1.73000002    
   3.01019979       1.74000001    
   3.04499984       1.75000000    
   3.07999992       1.75999999    
   3.11520004       1.76999998    
   3.15059996       1.77999997    
   3.18619990       1.78999996    
   3.22199988       1.79999995    
   3.25799990       1.80999994    
   3.29419994       1.81999993    
   3.33060002       1.82999992    
   3.36720014       1.83999991    
   3.40400004       1.84999990    
   3.44099998       1.86000001    
   3.47819996       1.87000000    
   3.51559997       1.88000000    
   3.55320001       1.88999999    
   3.59100008       1.89999998    
   3.62900019       1.90999997    
   3.66720009       1.91999996    
   3.70560002       1.92999995    
   3.74419999       1.93999994    
   3.78299999       1.94999993    
   3.82200003       1.95999992    
   3.86120009       1.96999991    
   3.90060019       1.97999990    
   3.94020009       1.99000001    
   3.98000002       2.00000000    
   4.01999998       2.00999999    
   4.06020021       2.01999998    
   4.10060024       2.02999997    
   4.14120007       2.03999996    
   4.18200016       2.04999995    
   4.22300005       2.05999994    
   4.26420021       2.06999993    
   4.30560017       2.07999992    
   4.34720039       2.08999991    
   4.38900042       2.09999990    
   4.43100023       2.10999990    
   4.47320032       2.11999989    
   4.51560020       2.12999988    
   4.55820036       2.13999987    
   4.60100031       2.14999986    
   4.64400053       2.15999985    
   4.68720055       2.16999984    
   4.73060036       2.18000007    
   4.77420044       2.19000006    
   4.81800032       2.20000005    
   4.86200047       2.21000004    
   4.90620041       2.22000003    
   4.95060062       2.23000002    
   4.99520063       2.24000001    
   5.04000044       2.25000000    
   5.08500051       2.25999999    
   5.13020039       2.26999998    
   5.17560053       2.27999997    
   5.22120047       2.28999996    
   5.26700068       2.29999995    
   5.31300068       2.30999994    
   5.35920048       2.31999993    
   5.40560055       2.32999992    
   5.45220041       2.33999991    
   5.49900055       2.34999990    
   5.54600048       2.35999990    
   5.59320068       2.36999989    
   5.64060068       2.37999988    
   5.68820047       2.38999987    
   5.73600054       2.39999986    
   5.78400040       2.40999985    
   5.83220053       2.41999984    
   5.88060045       2.42999983    
   5.92920065       2.44000006    
   5.97800064       2.45000005    
   6.02700043       2.46000004    
   6.07620049       2.47000003    
   6.12560034       2.48000002    
   6.17520046       2.49000001    
   6.22500038       2.50000000    
   6.27500057       2.50999999    
   6.32520056       2.51999998    
   6.37560034       2.52999997    
   6.42620039       2.53999996    
   6.47700024       2.54999995    
   6.52800035       2.55999994    
   6.57920027       2.56999993    
   6.63060045       2.57999992    
   6.68220043       2.58999991    
   6.73400021       2.59999990    
   6.78600025       2.60999990    
   6.83820009       2.61999989    
   6.89060020       2.62999988    
   6.94320011       2.63999987    
   6.99600029       2.64999986    
   7.04900026       2.65999985    
   7.10220003       2.66999984    
   7.15560007       2.67999983    
   7.20919991       2.69000006    
   7.26300001       2.70000005    
   7.31699991       2.71000004    
   7.37120008       2.72000003    
   7.42560005       2.73000002    
   7.48019981       2.74000001    
   7.53499985       2.75000000    
   7.58999968       2.75999999    
   7.64519978       2.76999998    
   7.70059967       2.77999997    
   7.75619984       2.78999996    
   7.81199980       2.79999995    
   7.86800003       2.80999994    
   7.92420006       2.81999993    
   7.98059988       2.82999992    
   8.03719997       2.83999991    
   8.09399986       2.84999990    
   8.15100002       2.85999990    
   8.20820045       2.86999989    
   8.26560020       2.87999988    
   8.32320023       2.88999987    
   8.38100052       2.89999986    
   8.43900013       2.90999985    
   8.49720001       2.91999984    
   8.55560017       2.92999983    
   8.61420059       2.93999982    
   8.67300034       2.95000005    
   8.73200035       2.96000004    
   8.79120064       2.97000003    
   8.85060024       2.98000002    
   8.91020012       2.99000001    
   8.97000027       3.00000000    
   9.03000069       3.00999999    
   9.09020042       3.01999998    
   9.15060043       3.02999997    
   9.21120071       3.03999996    
   9.27200031       3.04999995    
   9.33300018       3.05999994    
   9.39420033       3.06999993    
   9.45560074       3.07999992    
   9.51720047       3.08999991    
   9.57900047       3.09999990    
   9.64100075       3.10999990    
   9.70320034       3.11999989    
   9.76560020       3.12999988    
   9.82820034       3.13999987    
   9.89100075       3.14999986    
   9.95400047       3.15999985    
   10.0172005       3.16999984    
   10.0806007       3.17999983    
   10.1442003       3.18999982    
   10.2080002       3.19999981    
   10.2720003       3.21000004    
   10.3362007       3.22000003    
   10.4006004       3.23000002    
   10.4652004       3.24000001    
   10.5300007       3.25000000    
   10.5950003       3.25999999    
   10.6602001       3.26999998    
   10.7256002       3.27999997    
   10.7912006       3.28999996    
   10.8570004       3.29999995    
   10.9230003       3.30999994    
   10.9892006       3.31999993    
   11.0556002       3.32999992    
   11.1222000       3.33999991    
   11.1890001       3.34999990    
   11.2560005       3.35999990    
   11.3232002       3.36999989    
   11.3906002       3.37999988    
   11.4582005       3.38999987    
   11.5260000       3.39999986    
   11.5939999       3.40999985    
   11.6622000       3.41999984    
   11.7306004       3.42999983    
   11.7992001       3.43999982    
   11.8680000       3.44999981    
   11.9370003       3.46000004    
   12.0061998       3.47000003    
   12.0755997       3.48000002    
   12.1451998       3.49000001    
   12.2150002       3.50000000    
   12.2849998       3.50999999    
   12.3551998       3.51999998    
   12.4256001       3.52999997    
   12.4961996       3.53999996    
   12.5669994       3.54999995    
   12.6379995       3.55999994    
   12.7091999       3.56999993    
   12.7805996       3.57999992    
   12.8521996       3.58999991    
   12.9239998       3.59999990    
   12.9959993       3.60999990    
   13.0681992       3.61999989    
   13.1405993       3.62999988    
   13.2131996       3.63999987    
   13.2859993       3.64999986    
   13.3589993       3.65999985    
   13.4321995       3.66999984    
   13.5055990       3.67999983    
   13.5791988       3.68999982    
   13.6529989       3.69999981    
   13.7269993       3.70999980    
   13.8011990       3.72000003    
   13.8755989       3.73000002    
   13.9501991       3.74000001    
   14.0249987       3.75000000    
   14.0999985       3.75999999    
   14.1751986       3.76999998    
   14.2505989       3.77999997    
   14.3261986       3.78999996    
   14.4019985       3.79999995    
   14.4779987       3.80999994    
   14.5541983       3.81999993    
   14.6305981       3.82999992    
   14.7071981       3.83999991    
   14.7839985       3.84999990    
   14.8609982       3.85999990    
   14.9381981       3.86999989    
   15.0155983       3.87999988    
   15.0931978       3.88999987    
   15.1709976       3.89999986    
   15.2489977       3.90999985    
   15.3271980       3.91999984    
   15.4055977       3.92999983    
   15.4841976       3.93999982    
   15.5629978       3.94999981    
   15.6419983       3.95999980    
   15.7211981       3.97000003    
   15.8005981       3.98000002    
   15.8801985       3.99000001    
   15.9599981       4.00000000    
   16.0399990       4.00999975    
   16.1201992       4.01999998    
   16.2005997       4.02999973    
   16.2812004       4.03999996    
   16.3619995       4.04999971    
   16.4429989       4.05999994    
   16.5241985       4.06999969    
   16.6055984       4.07999992    
   16.6871986       4.08999968    
   16.7689991       4.09999990    
   16.8509998       4.11000013    
   16.9331989       4.11999989    
   17.0155983       4.13000011    
   17.0981979       4.13999987    
   17.1809978       4.15000010    
   17.2639980       4.15999985    
   17.3471985       4.17000008    
   17.4305992       4.17999983    
   17.5141983       4.19000006    
   17.5979977       4.19999981    
   17.6819973       4.21000004    
   17.7661972       4.21999979    
   17.8505974       4.23000002    
   17.9351978       4.23999977    
   18.0199986       4.25000000    
   18.1049976       4.25999975    
   18.1901970       4.26999998    
   18.2755966       4.27999973    
   18.3611965       4.28999996    
   18.4469967       4.29999971    
   18.5329971       4.30999994    
   18.6191978       4.31999969    
   18.7055969       4.32999992    
   18.7921963       4.33999968    
   18.8789959       4.34999990    
   18.9659958       4.36000013    
   19.0531960       4.36999989    
   19.1405964       4.38000011    
   19.2281971       4.38999987    
   19.3159962       4.40000010    
   19.4039955       4.40999985    
   19.4921951       4.42000008    
   19.5805950       4.42999983    
   19.6691952       4.44000006    
   19.7579956       4.44999981    
   19.8469963       4.46000004    
   19.9361954       4.46999979    
   20.0255947       4.48000002    
   20.1151943       4.48999977    
   20.2049942       4.50000000    
   20.2949944       4.50999975    
   20.3851948       4.51999998    
   20.4755955       4.52999973    
   20.5661945       4.53999996    
   20.6569939       4.54999971    
   20.7479935       4.55999994    
   20.8391933       4.56999969    
   20.9305935       4.57999992    
   21.0221939       4.58999968    
   21.1139946       4.59999990    
   21.2059937       4.61000013    
   21.2981930       4.61999989    
   21.3905926       4.63000011    
   21.4831924       4.63999987    
   21.5759926       4.65000010    
   21.6689930       4.65999985    
   21.7621937       4.67000008    
   21.8555946       4.67999983    
   21.9491940       4.69000006    
   22.0429935       4.69999981    
   22.1369934       4.71000004    
   22.2311935       4.71999979    
   22.3255939       4.73000002    
   22.4201946       4.73999977    
   22.5149956       4.75000000    
   22.6099949       4.75999975    
   22.7051945       4.76999998    
   22.8005943       4.77999973    
   22.8961945       4.78999996    
   22.9919949       4.79999971    
   23.0879955       4.80999994    
   23.1841965       4.81999969    
   23.2805958       4.82999992    
   23.3771954       4.83999968    
   23.4739952       4.84999990    
   23.5709953       4.85999966    
   23.6681957       4.86999989    
   23.7655964       4.88000011    
   23.8631973       4.88999987    
   23.9609966       4.90000010    
   24.0589962       4.90999985    
   24.1571960       4.92000008    
   24.2555962       4.92999983    
   24.3541965       4.94000006    
   24.4529972       4.94999981    
   24.5519981       4.96000004    
   24.6511974       4.96999979    
   24.7505970       4.98000002    
   24.8501968       4.98999977    
   24.9499969       5.00000000    
   25.0499973       5.00999975    
   25.1501980       5.01999998    
   25.2505989       5.02999973    
   25.3511982       5.03999996    
   25.4519978       5.04999971    
   25.5529976       5.05999994    
   25.6541977       5.06999969    
   25.7555981       5.07999992    
   25.8571987       5.08999968    
   25.9589996       5.09999990    
   26.0609989       5.10999966    
   26.1631985       5.11999989    
   26.2655983       5.13000011    
   26.3681984       5.13999987    
   26.4709988       5.15000010    
   26.5739994       5.15999985    
   26.6772003       5.17000008    
   26.7805996       5.17999983    
   26.8841991       5.19000006    
   26.9879990       5.19999981    
   27.0919991       5.21000004    
   27.1961994       5.21999979    
   27.3006001       5.23000002    
   27.4052010       5.23999977    
   27.5100002       5.25000000    
   27.6149998       5.25999975    
   27.7201996       5.26999998    
   27.8255997       5.27999973    
   27.9312000       5.28999996    
   28.0370007       5.29999971    
   28.1430016       5.30999994    
   28.2492008       5.31999969    
   28.3556004       5.32999992    
   28.4622002       5.33999968    
   28.5690002       5.34999990    
   28.6760006       5.35999966    
   28.7832012       5.36999989    
   28.8906021       5.38000011    
   28.9982014       5.38999987    
   29.1060009       5.40000010    
   29.2140007       5.40999985    
   29.3222008       5.42000008    
   29.4306011       5.42999983    
   29.5392017       5.44000006    
   29.6480026       5.44999981    
   29.7570019       5.46000004    
   29.8662014       5.46999979    
   29.9756012       5.48000002    
   30.0852013       5.48999977    
   30.1950016       5.50000000    
   30.3050022       5.50999975    
   30.4152031       5.51999998    
   30.5256023       5.52999973    
   30.6362019       5.53999996    
   30.7470016       5.54999971    
   30.8580017       5.55999994    
   30.9692020       5.56999969    
   31.0806026       5.57999992    
   31.1922035       5.58999968    
   31.3040028       5.59999990    
   31.4160023       5.60999966    
   31.5282021       5.61999989    
   31.6406021       5.62999964    
   31.7532024       5.63999987    
   31.8660030       5.65000010    
   31.9790039       5.65999985    
   32.0922050       5.67000008    
   32.2056046       5.67999983    
   32.3192062       5.69000006    
   32.4330063       5.69999981    
   32.5470047       5.71000004    
   32.6612053       5.71999979    
   32.7756042       5.73000002    
   32.8902054       5.73999977    
   33.0050049       5.75000000    
   33.1200066       5.75999975    
   33.2352066       5.76999998    
   33.3506050       5.77999973    
   33.4662056       5.78999996    
   33.5820045       5.79999971    
   33.6980057       5.80999994    
   33.8142052       5.81999969    
   33.9306068       5.82999992    
   34.0472069       5.83999968    
   34.1640053       5.84999990    
   34.2810059       5.85999966    
   34.3982048       5.86999989    
   34.5156059       5.87999964    
   34.6332054       5.88999987    
   34.7510071       5.90000010    
   34.8690071       5.90999985    
   34.9872055       5.92000008    
   35.1056061       5.92999983    
   35.2242050       5.94000006    
   35.3430061       5.94999981    
   35.4620056       5.96000004    
   35.5812073       5.96999979    
   35.7006073       5.98000002    
   35.8202057       5.98999977    
   35.9400063       6.00000000    
   36.0600052       6.00999975    
   36.1802063       6.01999998    
   36.3006058       6.02999973    
   36.4212074       6.03999996    
   36.5420074       6.04999971    
   36.6630058       6.05999994    
   36.7842064       6.06999969    
   36.9056053       6.07999992    
   37.0272064       6.08999968    
   37.1490059       6.09999990    
   37.2710075       6.10999966    
   37.3932076       6.11999989    
   37.5156059       6.12999964    
   37.6382065       6.13999987    
   37.7610054       6.15000010    
   37.8840065       6.15999985    
   38.0072060       6.17000008    
   38.1306076       6.17999983    
   38.2542076       6.19000006    
   38.3780060       6.19999981    
   38.5020065       6.21000004    
   38.6262054       6.21999979    
   38.7506065       6.23000002    
   38.8752060       6.23999977    
   39.0000076       6.25000000    
   39.1250076       6.25999975    
   39.2502060       6.26999998    
   39.3756065       6.27999973    
   39.5012054       6.28999996    
   39.6270065       6.29999971    
   39.7530060       6.30999994    
   39.8792076       6.31999969    
   40.0056076       6.32999992    
   40.1322060       6.33999968    
   40.2590065       6.34999990    
   40.3860054       6.35999966    
   40.5132065       6.36999989    
   40.6406059       6.37999964    
   40.7682076       6.38999987    
   40.8960075       6.39999962    
   41.0240059       6.40999985    
   41.1522064       6.42000008    
   41.2806053       6.42999983    
   41.4092064       6.44000006    
   41.5380058       6.44999981    
   41.6670074       6.46000004    
   41.7962074       6.46999979    
   41.9256058       6.48000002    
   42.0552063       6.48999977    
   42.1850052       6.50000000    
   42.3150063       6.50999975    
   42.4452057       6.51999998    
   42.5756073       6.52999973    
   42.7062073       6.53999996    
   42.8370056       6.54999971    
   42.9680061       6.55999994    
   43.0992050       6.56999969    
   43.2306061       6.57999992    
   43.3622055       6.58999968    
   43.4940071       6.59999990    
   43.6260071       6.60999966    
   43.7582054       6.61999989    
   43.8906059       6.62999964    
   44.0232048       6.63999987    
   44.1560059       6.64999962    
   44.2890053       6.65999985    
   44.4222069       6.67000008    
   44.5556068       6.67999983    
   44.6892052       6.69000006    
   44.8230057       6.69999981    
   44.9570045       6.71000004    
   45.0912056       6.71999979    
   45.2256050       6.73000002    
   45.3602066       6.73999977    
   45.4950066       6.75000000    
   45.6300049       6.75999975    
   45.7652054       6.76999998    
   45.9006042       6.77999973    
   46.0362053       6.78999996    
   46.1720047       6.79999971    
   46.3080063       6.80999994    
   46.4442062       6.81999969    
   46.5806046       6.82999992    
   46.7172050       6.83999968    
   46.8540039       6.84999990    
   46.9910049       6.85999966    
   47.1282043       6.86999989    
   47.2656059       6.87999964    
   47.4032059       6.88999987    
   47.5410042       6.89999962    
   47.6790047       6.90999985    
   47.8172035       6.92000008    
   47.9556046       6.92999983    
   48.0942039       6.94000006    
   48.2330055       6.94999981    
   48.3720055       6.96000004    
   48.5112038       6.96999979    
   48.6506042       6.98000002    
   48.7902031       6.98999977    
   48.9300041       7.00000000    
   49.0700035       7.00999975    
   49.2102051       7.01999998    
   49.3506050       7.02999973    
   49.4912033       7.03999996    
   49.6320038       7.04999971    
   49.7730026       7.05999994    
   49.9142036       7.06999969    
   50.0556030       7.07999992    
   50.1972046       7.08999968    
   50.3390045       7.09999990    
   50.4810028       7.10999966    
   50.6232033       7.11999989    
   50.7656021       7.12999964    
   50.9082031       7.13999987    
   51.0510025       7.14999962    
   51.1940041       7.15999985    
   51.3372040       7.17000008    
   51.4806023       7.17999983    
   51.6242027       7.19000006    
   51.7680016       7.19999981    
   51.9120026       7.21000004    
   52.0562019       7.21999979    
   52.2006035       7.23000002    
   52.3452034       7.23999977    
   52.4900017       7.25000000    
   52.6350021       7.25999975    
   52.7802010       7.26999998    
   52.9256020       7.27999973    
   53.0712013       7.28999996    
   53.2170029       7.29999971    
   53.3630028       7.30999994    
   53.5092010       7.31999969    
   53.6556015       7.32999992    
   53.8022003       7.33999968    
   53.9490013       7.34999990    
   54.0960007       7.35999966    
   54.2432022       7.36999989    
   54.3906021       7.37999964    
   54.5382004       7.38999987    
   54.6860008       7.39999962    
   54.8339996       7.40999985    
   54.9822006       7.41999960    
   55.1306000       7.42999983    
   55.2792015       7.44000006    
   55.4280014       7.44999981    
   55.5769997       7.46000004    
   55.7262001       7.46999979    
   55.8755989       7.48000002    
   56.0251999       7.48999977    
   56.1749992       7.50000000    
   56.3250008       7.50999975    
   56.4752007       7.51999998    
   56.6255989       7.52999973    
   56.7761993       7.53999996    
   56.9269981       7.54999971    
   57.0779991       7.55999994    
   57.2291985       7.56999969    
   57.3806000       7.57999992    
   57.5321999       7.58999968    
   57.6839981       7.59999990    
   57.8359985       7.60999966    
   57.9881973       7.61999989    
   58.1405983       7.62999964    
   58.2931976       7.63999987    
   58.4459991       7.64999962    
   58.5989990       7.65999985    
   58.7521973       7.66999960    
   58.9055977       7.67999983    
   59.0591965       7.69000006    
   59.2129974       7.69999981    
   59.3669968       7.71000004    
   59.5211983       7.71999979    
   59.6755981       7.73000002    
   59.8301964       7.73999977    
   59.9849968       7.75000000    
   60.1399956       7.75999975    
   60.2951965       7.76999998    
   60.4505959       7.77999973    
   60.6061974       7.78999996    
   60.7619972       7.79999971    
   60.9179955       7.80999994    
   61.0741959       7.81999969    
   61.2305946       7.82999992    
   61.3871956       7.83999968    
   61.5439949       7.84999990    
   61.7009964       7.85999966    
   61.8581963       7.86999989    
   62.0155945       7.87999964    
   62.1731949       7.88999987    
   62.3309937       7.89999962    
   62.4889946       7.90999985    
   62.6471939       7.91999960    
   62.8055954       7.92999983    
   62.9641953       7.94000006    
   63.1229935       7.94999981    
   63.2819939       7.96000004    
   63.4411926       7.96999979    
   63.6005936       7.98000002    
   63.7601929       7.98999977    
   63.9199944       8.00000000    
   64.0799942       8.01000023    
   64.2401962       8.01999950    
   64.4005966       8.02999973    
   64.5611954       8.03999996    
   64.7219925       8.05000019    
   64.8829956       8.05999947    
   65.0441971       8.06999969    
   65.2055969       8.07999992    
   65.3671951       8.09000015    
   65.5289917       8.09999943    
   65.6909943       8.10999966    
   65.8531952       8.11999989    
   66.0155945       8.13000011    
   66.1781921       8.13999939    
   66.3409958       8.14999962    
   66.5039978       8.15999985    
   66.6671982       8.17000008    
   66.8305969       8.17999935    
   66.9941940       8.18999958    
   67.1579971       8.19999981    
   67.3219986       8.21000004    
   67.4861984       8.22000027    
   67.6505966       8.22999954    
   67.8151932       8.23999977    
   67.9799957       8.25000000    
   68.1449966       8.26000023    
   68.3101959       8.26999950    
   68.4755936       8.27999973    
   68.6411972       8.28999996    
   68.8069992       8.30000019    
   68.9729996       8.30999947    
   69.1391983       8.31999969    
   69.3055954       8.32999992    
   69.4721985       8.34000015    
   69.6389999       8.34999943    
   69.8059998       8.35999966    
   69.9731979       8.36999989    
   70.1405945       8.38000011    
   70.3081970       8.38999939    
   70.4759979       8.39999962    
   70.6439972       8.40999985    
   70.8121948       8.42000008    
   70.9805984       8.42999935    
   71.1492004       8.43999958    
   71.3180008       8.44999981    
   71.4869995       8.46000004    
   71.6561966       8.47000027    
   71.8255997       8.47999954    
   71.9952011       8.48999977    
   72.1650009       8.50000000    
   72.3349991       8.51000023    
   72.5051956       8.51999950    
   72.6755981       8.52999973    
   72.8461990       8.53999996    
   73.0169983       8.55000019    
   73.1879959       8.55999947    
   73.3591995       8.56999969    
   73.5306015       8.57999992    
   73.7022018       8.59000015    
   73.8740005       8.59999943    
   74.0459976       8.60999966    
   74.2182007       8.61999989    
   74.3906021       8.63000011    
   74.5632019       8.63999939    
   74.7360001       8.64999962    
   74.9089966       8.65999985    
   75.0821991       8.67000008    
   75.2556000       8.67999935    
   75.4291992       8.68999958    
   75.6029968       8.69999981    
   75.7770004       8.71000004    
   75.9512024       8.72000027    
   76.1256027       8.72999954    
   76.3002014       8.73999977    
   76.4749985       8.75000000    
   76.6500015       8.76000023    
   76.8252029       8.76999950    
   77.0006027       8.77999973    
   77.1762009       8.78999996    
   77.3519974       8.80000019    
   77.5279999       8.80999947    
   77.7042007       8.81999969    
   77.8806000       8.82999992    
   78.0571976       8.84000015    
   78.2340012       8.84999943    
   78.4110031       8.85999966    
   78.5882034       8.86999989    
   78.7656021       8.88000011    
   78.9431992       8.88999939    
   79.1210022       8.89999962    
   79.2990036       8.90999985    
   79.4772034       8.92000008    
   79.6556015       8.92999935    
   79.8341980       8.93999958    
   80.0130005       8.94999981    
   80.1920013       8.96000004    
   80.3712006       8.97000027    
   80.5505981       8.97999954    
   80.7302017       8.98999977    
   80.9100037       9.00000000    
   81.0900040       9.01000023    
   81.2702026       9.01999950    
   81.4505997       9.02999973    
   81.6312027       9.03999996    
   81.8120041       9.05000019    
   81.9930038       9.05999947    
   82.1742020       9.06999969    
   82.3555984       9.07999992    
   82.5372009       9.09000015    
   82.7190018       9.09999943    
   82.9010010       9.10999966    
   83.0831985       9.11999989    
   83.2656021       9.13000011    
   83.4482040       9.13999939    
   83.6310043       9.14999962    
   83.8140030       9.15999985    
   83.9972000       9.17000008    
   84.1806030       9.17999935    
   84.3642044       9.18999958    
   84.5480042       9.19999981    
   84.7320023       9.21000004    
   84.9161987       9.22000027    
   85.1006012       9.22999954    
   85.2852020       9.23999977    
   85.4700012       9.25000000    
   85.6549988       9.26000023    
   85.8402023       9.26999950    
   86.0256042       9.27999973    
   86.2112045       9.28999996    
   86.3970032       9.30000019    
   86.5830002       9.30999947    
   86.7692032       9.31999969    
   86.9556046       9.32999992    
   87.1422043       9.34000015    
   87.3290024       9.34999943    
   87.5159988       9.35999966    
   87.7032013       9.36999989    
   87.8906021       9.38000011    
   88.0782013       9.38999939    
   88.2659988       9.39999962    
   88.4540024       9.40999985    
   88.6422043       9.42000008    
   88.8306046       9.42999935    
   89.0192032       9.43999958    
   89.2080002       9.44999981    
   89.3970032       9.46000004    
   89.5862045       9.46999931    
   89.7756042       9.47999954    
   89.9652023       9.48999977    
   90.1549988       9.50000000    
   90.3450012       9.51000023    
   90.5352020       9.51999950    
   90.7256012       9.52999973    
   90.9161987       9.53999996    
   91.1070023       9.55000019    
   91.2980042       9.55999947    
   91.4892044       9.56999969    
   91.6806030       9.57999992    
   91.8722000       9.59000015    
   92.0640030       9.59999943    
   92.2560043       9.60999966    
   92.4482040       9.61999989    
   92.6406021       9.63000011    
   92.8331985       9.63999939    
   93.0260010       9.64999962    
   93.2190018       9.65999985    
   93.4122009       9.67000008    
   93.6055984       9.67999935    
   93.7992020       9.68999958    
   93.9930038       9.69999981    
   94.1870041       9.71000004    
   94.3812027       9.71999931    
   94.5755997       9.72999954    
   94.7702026       9.73999977    
   94.9650040       9.75000000    
   95.1600037       9.76000023    
   95.3552017       9.76999950    
   95.5505981       9.77999973    
   95.7462006       9.78999996    
   95.9420013       9.80000019    
   96.1380005       9.80999947    
   96.3341980       9.81999969    
   96.5306015       9.82999992    
   96.7272034       9.84000015    
   96.9240036       9.84999943    
   97.1210022       9.85999966    
   97.3181992       9.86999989    
   97.5156021       9.88000011    
   97.7132034       9.88999939    
   97.9110031       9.89999962    
   98.1090012       9.90999985    
   98.3071976       9.92000008    
   98.5056000       9.92999935    
   98.7042007       9.93999958    
   98.9029999       9.94999981    
   99.1019974       9.96000004    
   99.3012009       9.96999931    
   99.5006027       9.97999954    
   99.7002029       9.98999977    
